-257.388977 14.965510 2275.539307
-256.828033 547.267334 2303.004395
-28.729918 -30.227419 2323.986084
-471.972778 -58.610695 2370.606445
-125.325951 -666.017822 2194.005127
-359.332764 -704.491882 2195.364258
-25.147556 -359.231262 2190.277832
-490.863617 -342.837860 2205.834229
-92.752304 275.153015 2292.551514
-440.444794 254.392868 2340.787598
-101.752548 -1155.754883 2280.422363
-354.147736 -1188.623657 2311.203125
-267.856262 -17.032013 2819.113281
-330.400757 280.176849 3179.431152
-137.196213 -135.410263 3000.926270
-463.697266 -218.520935 3012.475098
-128.450211 -588.528748 2627.437988
-341.969604 -642.879150 2635.163086
-137.172287 -450.393951 2998.863525
-466.824310 -533.385742 3004.148438
-137.205460 179.580139 3000.924316
-463.753815 96.469269 3012.821777
-128.173630 -978.037903 2627.054199
-342.355835 -1032.388062 2634.706055
-197.175781 0.091413 2773.452637
-199.541275 472.735626 2793.591797
69.100327 -159.853775 2792.894775
-441.736450 -132.851776 2806.093994
-57.021645 -663.977173 2617.702393
-294.627869 -661.207336 2602.739258
132.316040 -482.021912 2647.251221
-510.117340 -453.369232 2663.248535
-30.044594 246.226944 2789.673340
-367.189423 244.393478 2787.256348
-37.277279 -1050.570190 2575.119385
-311.226929 -1048.895508 2569.625732
